10,19
10,15
10,2
10,3
9,5
9,1
9,7
9,2
9,3
8,5
8,10
8,18
8,4
8,12
8,11
8,6
8,1
8,7
8,2
8,3
0,318
34,471
34,470
34,469
34,468
34,467
34,466
34,465
34,464
34,463
34,462
34,461
34,460
34,459
34,458
34,457
34,456
34,455
34,454
34,453
34,410
34,338
34,337
34,303
34,222
34,221
34,220
34,219
34,218
34,217
34,216
34,215
34,214
34,213
34,212
34,211
34,210
34,209
34,197
34,196
34,195
34,194
34,193
34,192
34,184
34,183
34,182
34,181
34,180
34,179
34,178
34,177
34,163
34,162
34,161
34,154
34,153
34,152
34,151
34,147
34,146
34,144
34,143
34,142
34,141
34,140
34,139
34,138
34,137
34,136
34,135
34,128
34,119
34,108
34,107
34,106
34,102
34,5
34,4
34,3
34,1
20,3
20,2
20,1
19,3
19,2
19,1
18,3
18,1
14,17
14,1
12,3
14,7
12,2
14,3
12,1
11,30
13,1
11,29
13,3
11,28
11,27
11,26
11,25
11,24
11,23
11,22
11,21
11,19
11,16
